89 5 8 8 16
3 0 0 0 1 0 -1
3 0 0 0 1 0 -1
14 0 0 1 0 0 35
14 0 0 1 0 0 32
14 0 0 1 0 0 31
14 0 0 1 0 0 29
14 0 0 1 0 0 26
14 0 0 1 0 0 25
14 0 0 1 0 0 22
14 0 0 1 0 0 21
14 0 0 1 0 0 19
14 0 0 1 0 0 16
14 0 0 1 0 0 14
14 0 0 1 0 0 15
0 0 0 0 0 1 83
0 0 0 0 0 1 84
3 0 0 0 1 0 -1
6 0 1 0 0 0 66
14 0 0 1 0 0 34
14 0 0 1 0 0 33
14 0 0 1 0 0 30
14 0 0 1 0 0 28
14 0 0 1 0 0 27
14 0 0 1 0 0 24
14 0 0 1 0 0 23
14 0 0 1 0 0 20
14 0 0 1 0 0 18
14 0 0 1 0 0 17
14 0 0 1 0 0 13
14 0 0 1 0 0 12
3 0 0 0 1 0 -1
0 0 0 0 0 1 85
0 0 0 0 0 1 82
3 0 0 0 1 0 -1
14 0 0 1 0 0 36
14 0 0 1 0 0 37
0 0 0 0 0 1 77
0 0 0 0 0 1 76
0 0 0 0 0 1 75
0 0 0 0 0 1 74
0 0 0 0 0 1 73
0 0 0 0 0 1 72
0 0 0 0 0 1 71
0 0 0 0 0 1 70
14 0 0 1 0 0 10
14 0 0 1 0 0 11
3 0 0 0 1 0 -1
3 0 0 0 1 0 -1
3 0 0 0 1 0 -1
3 0 0 0 1 0 -1
14 0 0 1 0 0 39
14 0 0 1 0 0 38
3 0 0 0 1 0 -1
3 0 0 0 1 0 -1
3 0 0 0 1 0 -1
3 0 0 0 1 0 -1
2 1 0 0 0 0 64
2 1 0 0 0 0 65
3 0 0 0 1 0 -1
3 0 0 0 1 0 -1
14 0 0 1 0 0 9
14 0 0 1 0 0 8
3 0 0 0 1 0 -1
3 0 0 0 1 0 -1
0 0 0 0 0 1 78
3 0 0 0 1 0 -1
14 0 0 1 0 0 40
14 0 0 1 0 0 41
3 0 0 0 1 0 -1
3 0 0 0 1 0 -1
3 0 0 0 1 0 -1
3 0 0 0 1 0 -1
14 0 0 1 0 0 62
14 0 0 1 0 0 63
3 0 0 0 1 0 -1
3 0 0 0 1 0 -1
14 0 0 1 0 0 6
14 0 0 1 0 0 7
6 0 1 0 0 0 69
3 0 0 0 1 0 -1
3 0 0 0 1 0 -1
0 0 0 0 0 1 79
14 0 0 1 0 0 43
14 0 0 1 0 0 42
3 0 0 0 1 0 -1
6 0 1 0 0 0 68
3 0 0 0 1 0 -1
3 0 0 0 1 0 -1
14 0 0 1 0 0 61
14 0 0 1 0 0 60
3 0 0 0 1 0 -1
3 0 0 0 1 0 -1
14 0 0 1 0 0 5
14 0 0 1 0 0 4
3 0 0 0 1 0 -1
3 0 0 0 1 0 -1
3 0 0 0 1 0 -1
3 0 0 0 1 0 -1
14 0 0 1 0 0 44
14 0 0 1 0 0 45
14 0 0 1 0 0 51
14 0 0 1 0 0 50
14 0 0 1 0 0 52
14 0 0 1 0 0 55
14 0 0 1 0 0 56
14 0 0 1 0 0 59
3 0 0 0 1 0 -1
3 0 0 0 1 0 -1
14 0 0 1 0 0 2
14 0 0 1 0 0 3
0 0 0 0 0 1 87
0 0 0 0 0 1 86
0 0 0 0 0 1 81
0 0 0 0 0 1 80
14 0 0 1 0 0 47
14 0 0 1 0 0 46
14 0 0 1 0 0 48
14 0 0 1 0 0 49
14 0 0 1 0 0 53
14 0 0 1 0 0 54
14 0 0 1 0 0 57
14 0 0 1 0 0 58
6 0 1 0 0 0 67
3 0 0 0 1 0 -1
14 0 0 1 0 0 1
14 0 0 1 0 0 0
0 0 0 0 0 1 88
3 0 0 0 1 0 -1
