42 5 8 8 16
3 0 0 0 -1
3 0 0 0 -1
0 0 0 1 0
0 0 0 1 11
3 0 0 0 -1
3 0 0 0 -1
3 0 0 0 -1
3 0 0 0 -1
3 0 0 0 -1
3 0 0 0 -1
3 0 0 0 -1
3 0 0 0 -1
3 0 0 0 -1
3 0 0 0 -1
3 0 0 0 -1
3 0 0 0 -1
3 0 0 0 -1
3 0 0 0 -1
0 0 0 1 1
0 0 0 1 10
3 0 0 0 -1
3 0 0 0 -1
3 0 0 0 -1
3 0 0 0 -1
3 0 0 0 -1
3 0 0 0 -1
3 0 0 0 -1
6 0 1 0 39
3 0 0 0 -1
3 0 0 0 -1
3 0 0 0 -1
3 0 0 0 -1
3 0 0 0 -1
3 0 0 0 -1
0 0 0 1 2
0 0 0 1 9
3 0 0 0 -1
3 0 0 0 -1
0 0 0 1 21
0 0 0 1 22
0 0 0 1 25
0 0 0 1 26
0 0 0 1 34
0 0 0 1 35
3 0 0 0 -1
3 0 0 0 -1
3 0 0 0 -1
3 0 0 0 -1
3 0 0 0 -1
3 0 0 0 -1
0 0 0 1 3
0 0 0 1 8
3 0 0 0 -1
6 0 1 0 37
0 0 0 1 20
0 0 0 1 23
0 0 0 1 24
0 0 0 1 27
0 0 0 1 28
0 0 0 1 29
3 0 0 0 -1
3 0 0 0 -1
3 0 0 0 -1
3 0 0 0 -1
3 0 0 0 -1
3 0 0 0 -1
0 0 0 1 4
0 0 0 1 7
0 0 0 1 12
0 0 0 1 13
0 0 0 1 14
0 0 0 1 15
3 0 0 0 -1
3 0 0 0 -1
0 0 0 1 33
0 0 0 1 30
3 0 0 0 -1
3 0 0 0 -1
3 0 0 0 -1
3 0 0 0 -1
3 0 0 0 -1
3 0 0 0 -1
0 0 0 1 5
0 0 0 1 6
0 0 0 1 19
0 0 0 1 18
0 0 0 1 17
0 0 0 1 16
6 0 1 0 38
3 0 0 0 -1
0 0 0 1 32
0 0 0 1 31
3 0 0 0 -1
3 0 0 0 -1
3 0 0 0 -1
3 0 0 0 -1
3 0 0 0 -1
3 0 0 0 -1
6 0 1 0 36
3 0 0 0 -1
3 0 0 0 -1
3 0 0 0 -1
3 0 0 0 -1
3 0 0 0 -1
3 0 0 0 -1
3 0 0 0 -1
2 1 0 0 40
2 1 0 0 41
3 0 0 0 -1
3 0 0 0 -1
3 0 0 0 -1
3 0 0 0 -1
3 0 0 0 -1
3 0 0 0 -1
3 0 0 0 -1
3 0 0 0 -1
3 0 0 0 -1
3 0 0 0 -1
3 0 0 0 -1
3 0 0 0 -1
3 0 0 0 -1
3 0 0 0 -1
3 0 0 0 -1
3 0 0 0 -1
3 0 0 0 -1
3 0 0 0 -1
3 0 0 0 -1
3 0 0 0 -1
