34 5 8 8 16
3 0 0 0 -1
3 0 0 0 -1
0 0 0 1 0
0 0 0 1 1
3 0 0 0 -1
3 0 0 0 -1
3 0 0 0 -1
3 0 0 0 -1
3 0 0 0 -1
3 0 0 0 -1
3 0 0 0 -1
3 0 0 0 -1
3 0 0 0 -1
3 0 0 0 -1
3 0 0 0 -1
3 0 0 0 -1
3 0 0 0 -1
3 0 0 0 -1
0 0 0 1 2
0 0 0 1 3
3 0 0 0 -1
3 0 0 0 -1
3 0 0 0 -1
3 0 0 0 -1
3 0 0 0 -1
3 0 0 0 -1
3 0 0 0 -1
3 0 0 0 -1
3 0 0 0 -1
3 0 0 0 -1
3 0 0 0 -1
3 0 0 0 -1
3 0 0 0 -1
3 0 0 0 -1
0 0 0 1 4
0 0 0 1 5
3 0 0 0 -1
3 0 0 0 -1
3 0 0 0 -1
3 0 0 0 -1
3 0 0 0 -1
3 0 0 0 -1
3 0 0 0 -1
3 0 0 0 -1
3 0 0 0 -1
3 0 0 0 -1
3 0 0 0 -1
3 0 0 0 -1
3 0 0 0 -1
3 0 0 0 -1
0 0 0 1 6
0 0 0 1 7
6 0 1 0 30
3 0 0 0 -1
3 0 0 0 -1
3 0 0 0 -1
3 0 0 0 -1
3 0 0 0 -1
3 0 0 0 -1
3 0 0 0 -1
3 0 0 0 -1
3 0 0 0 -1
3 0 0 0 -1
3 0 0 0 -1
3 0 0 0 -1
3 0 0 0 -1
0 0 0 1 8
0 0 0 1 9
0 0 0 1 27
0 0 0 1 14
0 0 0 1 26
0 0 0 1 17
0 0 0 1 25
0 0 0 1 20
0 0 0 1 24
0 0 0 1 23
2 1 0 0 33
3 0 0 0 -1
3 0 0 0 -1
3 0 0 0 -1
3 0 0 0 -1
6 0 1 0 29
0 0 0 1 10
0 0 0 1 11
0 0 0 1 12
0 0 0 1 13
0 0 0 1 15
0 0 0 1 16
0 0 0 1 18
0 0 0 1 19
0 0 0 1 21
0 0 0 1 22
2 1 0 0 32
3 0 0 0 -1
3 0 0 0 -1
3 0 0 0 -1
3 0 0 0 -1
3 0 0 0 -1
3 0 0 0 -1
6 0 1 0 28
3 0 0 0 -1
3 0 0 0 -1
3 0 0 0 -1
3 0 0 0 -1
6 0 1 0 31
3 0 0 0 -1
3 0 0 0 -1
3 0 0 0 -1
3 0 0 0 -1
3 0 0 0 -1
3 0 0 0 -1
3 0 0 0 -1
3 0 0 0 -1
3 0 0 0 -1
3 0 0 0 -1
3 0 0 0 -1
3 0 0 0 -1
3 0 0 0 -1
3 0 0 0 -1
3 0 0 0 -1
3 0 0 0 -1
3 0 0 0 -1
3 0 0 0 -1
3 0 0 0 -1
3 0 0 0 -1
3 0 0 0 -1
3 0 0 0 -1
3 0 0 0 -1
