102 5 8 8 16
0 0 0 0 0 1 89
3 0 0 0 1 0 -1
3 0 0 0 1 0 -1
0 0 0 0 0 1 86
3 0 0 0 1 0 -1
0 0 0 0 0 1 84
0 0 0 0 0 1 85
2 1 0 0 0 0 71
14 0 0 1 0 0 69
14 0 0 1 0 0 70
14 0 0 1 0 0 66
14 0 0 1 0 0 63
14 0 0 1 0 0 62
14 0 0 1 0 0 61
3 0 0 0 1 0 -1
3 0 0 0 1 0 -1
3 0 0 0 1 0 -1
0 0 0 0 0 1 88
3 0 0 0 1 0 -1
3 0 0 0 1 0 -1
3 0 0 0 1 0 -1
0 0 0 0 0 1 83
0 0 0 0 0 1 82
2 1 0 0 0 0 72
14 0 0 1 0 0 68
14 0 0 1 0 0 67
14 0 0 1 0 0 65
14 0 0 1 0 0 64
14 0 0 1 0 0 59
14 0 0 1 0 0 60
3 0 0 0 1 0 -1
3 0 0 0 1 0 -1
14 0 0 1 0 0 0
14 0 0 1 0 0 3
14 0 0 1 0 0 7
14 0 0 1 0 0 6
0 0 0 0 0 1 92
3 0 0 0 1 0 -1
3 0 0 0 1 0 -1
3 0 0 0 1 0 -1
3 0 0 0 1 0 -1
3 0 0 0 1 0 -1
3 0 0 0 1 0 -1
3 0 0 0 1 0 -1
14 0 0 1 0 0 58
14 0 0 1 0 0 57
6 0 1 0 0 0 75
3 0 0 0 1 0 -1
14 0 0 1 0 0 1
14 0 0 1 0 0 2
14 0 0 1 0 0 4
14 0 0 1 0 0 5
0 0 0 0 0 1 93
0 0 0 0 0 1 94
3 0 0 0 1 0 -1
3 0 0 0 1 0 -1
3 0 0 0 1 0 -1
3 0 0 0 1 0 -1
3 0 0 0 1 0 -1
3 0 0 0 1 0 -1
14 0 0 1 0 0 55
14 0 0 1 0 0 56
3 0 0 0 1 0 -1
3 0 0 0 1 0 -1
3 0 0 0 1 0 -1
0 0 0 0 0 1 90
14 0 0 1 0 0 8
14 0 0 1 0 0 11
14 0 0 1 0 0 15
14 0 0 1 0 0 14
14 0 0 1 0 0 16
14 0 0 1 0 0 17
0 0 0 0 0 1 78
0 0 0 0 0 1 79
0 0 0 0 0 1 80
0 0 0 0 1 0 43
14 0 0 1 0 0 54
14 0 0 1 0 0 53
3 0 0 0 1 0 -1
0 0 0 0 0 1 95
0 0 0 0 0 1 91
6 0 1 0 0 0 73
14 0 0 1 0 0 9
14 0 0 1 0 0 10
14 0 0 1 0 0 12
14 0 0 1 0 0 13
14 0 0 1 0 0 19
14 0 0 1 0 0 18
0 0 0 0 0 1 77
6 0 1 0 0 0 74
0 0 0 0 0 1 81
0 0 0 0 1 0 42
14 0 0 1 0 0 51
14 0 0 1 0 0 52
3 0 0 0 1 0 -1
0 0 0 0 0 1 96
3 0 0 0 1 0 -1
3 0 0 0 1 0 -1
3 0 0 0 1 0 -1
3 0 0 0 1 0 -1
3 0 0 0 1 0 -1
3 0 0 0 1 0 -1
14 0 0 1 0 0 20
14 0 0 1 0 0 23
14 0 0 1 0 0 27
14 0 0 1 0 0 26
14 0 0 1 0 0 28
14 0 0 1 0 0 30
14 0 0 1 0 0 49
14 0 0 1 0 0 50
3 0 0 0 1 0 -1
0 0 0 0 0 1 97
3 0 0 0 1 0 -1
0 0 0 0 0 1 101
0 0 0 0 0 1 100
0 0 0 0 0 1 99
3 0 0 0 1 0 -1
6 0 1 0 0 0 76
14 0 0 1 0 0 21
14 0 0 1 0 0 22
14 0 0 1 0 0 24
14 0 0 1 0 0 25
14 0 0 1 0 0 29
14 0 0 1 0 0 31
14 0 0 1 0 0 47
14 0 0 1 0 0 48
3 0 0 0 1 0 -1
0 0 0 0 0 1 98
